U_Eta_list_FIX: [0.013662770270411073, 0.2770640594149767, 0.39903946983855554, 0.46946666225531763, 0.5153395089258672, 0.5475980210155589, 0.5715216485559353, 0.5899719167996649, 0.6046347154308931, 0.6165679123126311, 0.6264689153528735, 0.6348161685166598, 0.6419488409726766, 0.6481140722106598, 0.6534962056134064, 0.6582355435256662, 0.6624407589831223, 0.66619733369446, 0.6695734314391386, 0.6726240724522123, 0.6753941558381165, 0.6779206846029253, 0.6802344284052824, 0.6823611831060645, 0.6843227367571094, 0.6861376188694821, 0.6878216876431673, 0.6893885946201903]
U_qn_list_FIX: [0.25, 0.11111111111111109, 0.06250000000000017, 0.03999999999999713, 0.027777777777768204, 0.020408163265306114, 0.015625000000000028, 0.012345679012373132, 0.010000000000007104, 0.008264462809917349, 0.0069444444444444475, 0.005917159763313631, 0.0051020408163265285, 0.004444444444444444, 0.003906250000000291, 0.0034602076124564804, 0.0030864197530864395, 0.0027700831024930718, 0.0025000000000000135, 0.0022675736961451113, 0.002066115702479337, 0.00189035916824196, 0.0017361111111111143, 0.001600000000000006, 0.0014792899408284056, 0.0013717421124828512, 0.00127551020408164, 0.0011890606420927605]

U_Eta_list_RANDOM: [0.057069476480451464, 0.2552820970178957, 0.3607340439575695, 0.4048837603989329, 0.5308367012548867, 0.5328324143204496, 0.5977900863767338, 0.5987719186026093, 0.6254023354682343, 0.6391430823607136, 0.663759593734305, 0.6678753886777471, 0.5979346762474714, 0.6206058737331539, 0.5987636666023055, 0.6996888371554335, 0.6313058604194567, 0.7092063077105133, 0.6635978770786908, 0.624408573719953, 0.678085034926621, 0.7199606138455208, 0.7043840869911395, 0.6304208687900404, 0.7326744790644271, 0.6973513493187697, 0.6910307517966836, 0.7050001416495373]
U_qn_list_RANDOM: [0.1094249840119361, 0.07603820737960243, 0.04537016972121677, 0.02705737007458293, 0.0322159275644621, 0.018702672672425553, 0.019676834874219062, 0.013017744209634185, 0.011422162238821466, 0.009511061850689425, 0.009497334245135417, 0.007374955929251559, 0.004226132368889397, 0.003937920585694406, 0.0031218273591195195, 0.004634616025809972, 0.0027054121233921666, 0.003734179364806549, 0.002433859473250455, 0.0018698122189651685, 0.002091706527087047, 0.002454385052941662, 0.001961357364834132, 0.0013064000402868415, 0.002157271505313043, 0.0014447560895615534, 0.0012938688542031642, 0.001279288642698164]

U_Eta_list: [0.057858878285647286, 0.27706405941477463, 0.40485498188886093, 0.4828679481396754, 0.5349229377000839, 0.5720167967835781, 0.5997554909808431, 0.6212692405438973, 0.6384366516514275, 0.6524513801741887, 0.664107478120116, 0.6739533938346711, 0.6823799762240124, 0.689673222396475, 0.6960471935080605, 0.70166527514426, 0.7066543244972798, 0.7111143320652527, 0.7151251726638783, 0.7187514192618063, 0.7220458382172021, 0.7250519687128474, 0.7278060545079619, 0.7303385100514157, 0.7326750468021841, 0.7348375481896703, 0.736844756295101, 0.7387128158713641]
U_qn_list: [0.12500014232854578, 0.11111122274995593, 0.0729167558742089, 0.05000510707422636, 0.036111071025532425, 0.027210858109573736, 0.021205335585483764, 0.01697528939988656, 0.013888904975080973, 0.01157025942885555, 0.009785361866063805, 0.008382649046969904, 0.00726060093138492, 0.006349209507790461, 0.005598960578756931, 0.004974050002467469, 0.004448075758269578, 0.004001231346860829, 0.003618421224931645, 0.003287982010077168, 0.003000787224487368, 0.0027496134534936035, 0.0025286836504975576, 0.0023333334281220265, 0.002159763399046828, 0.0020048549979291737, 0.0018660252395822283, 0.0017411254846685796]

MNIST:
60:QD-RDFL的列表：
U_Eta_list: [0.6384366516514275, 0.7151251726638783, 0.7404557091167423, 0.7530733353655703, 0.7606282246567844, 0.7656581864367016]
U_qn_list: [0.013888904975080973, 0.003618421224931645, 0.0016283533929213187, 0.0009214748398204242, 0.0005918370325082023, 0.0004119587710614936]
60:RANDOM的列表：
U_Eta_list_RANDOM: [0.5565476131439678, 0.7149695894568477, 0.7162317824606541, 0.748461318729682, 0.7579235622175451, 0.7579235622175451]
U_qn_list: [0.008023977842834696, 0.0035489522510946726, 0.0012593924607740966, 0.0008284765587383836, 0.0005460392541126513, 0.0005460392541126513]
60:FIX最终的列表：
U_Eta_list_FIX: [0.6046347154308931, 0.6695734314391386, 0.6908501556089104, 0.7014209958827129, 0.7077421117661165, 0.7119473272235717]
U_qn_list_FIX: [0.010000000000007104, 0.0025000000000000135, 0.001111111111111111, 0.0006249999999999922, 0.00039999999999989154, 0.0002777777777777768]

CIFAR10:
