MNIST:
60:QD-RDFL的列表：
U_Eta_list: [0.6384366516514275, 0.7151251726638783, 0.7404557091167423, 0.7530733353655703, 0.7606282246567844, 0.7656581864367016]
U_qn_list: [0.013888904975080973, 0.003618421224931645, 0.0016283533929213187, 0.0009214748398204242, 0.0005918370325082023, 0.0004119587710614936]
60:RANDOM的列表：
U_Eta_list_RANDOM: [0.5565476131439678, 0.7149695894568477, 0.7162317824606541, 0.748461318729682, 0.7579235622175451, 0.7579235622175451]
U_qn_list: [0.008023977842834696, 0.0035489522510946726, 0.0012593924607740966, 0.0008284765587383836, 0.0005460392541126513, 0.0005460392541126513]
60:FIX最终的列表：
U_Eta_list_FIX: [0.6046347154308931, 0.6695734314391386, 0.6908501556089104, 0.7014209958827129, 0.7077421117661165, 0.7119473272235717]
U_qn_list_FIX: [0.010000000000007104, 0.0025000000000000135, 0.001111111111111111, 0.0006249999999999922, 0.00039999999999989154, 0.0002777777777777768]

CIFAR10:
QD-RDFL最终的列表：
U_Eta_list: [0.5911909786339378, 0.6506519049167567, 0.6642735637230694, 0.6764606605321748, 0.6811083317985978, 0.6932654635780342]
U_qn_list: [0.014667493426695022, 0.004857711156804179, 0.002553201276535444, 0.0019337789459559496, 0.001166044269566302, 0.000752784006678675]
RANDOM最终的列表：
U_Eta_list_RANDOM: [0.489446867831107, 0.516213638127866, 0.6397813029750996, 0.5931272842685523, 0.6554285116835066, 0.6451347379252996]
U_qn_list_RANDOM: [0.008359205988637352, 0.002198257525473446, 0.001874337476451493, 0.0010937838025212921, 0.001156313467747716, 0.0008672695729946111]
FIX最终的列表：
U_Eta_list_FIX: [0.5459358033561617, 0.5900354723340313, 0.6289863290741216, 0.6374246078666332, 0.6353505149063667, 0.6493243468111762]
U_qn_list_FIX: [0.01092027727350362, 0.0032429515450467126, 0.0019226388763371202, 0.001145813568274584, 0.0008635518135624042, 0.0007886934156823381]

CIFAR100:
QD-RDFL最终的列表：
U_Eta_list: [0.555158958139429, 0.6252185935075907, 0.6630926627850176, 0.6843373444139751, 0.6891740440493792, 0.6903342363100233]
U_qn_list: [0.014399130091867062, 0.004520437647834774, 0.002566049391130565, 0.0016994562633446063, 0.001239036457614322, 0.0013485415465878078]
RANDOM最终的列表：
U_Eta_list_RANDOM: [0.5664825152480899, 0.5677388286217808, 0.6559866143351585, 0.6245848728968075, 0.6829380650748049, 0.6733704210641462]
U_qn_list_RANDOM: [0.01441354475682306, 0.003015592662699895, 0.0022826347583449888, 0.0010845358613851524, 0.0009873284504611402, 0.0009924497073003468]
FIX最终的列表：
U_Eta_list_FIX: [0.5263256560630223, 0.6192924649082934, 0.6272222867141861, 0.6274865990549929, 0.6362425051615259,0.6364616167946497]
U_qn_list_FIX: [0.010690639545586711, 0.0030961051889048796, 0.0017668155929634814, 0.0014066570181528932, 0.0008409500284330807,0.0006945177894479126]

IMDB：
60:QD-RDFL的列表：
U_Eta_list: [0.5715333370628699, 0.6333026895285576, 0.6733055049059622, 0.6699418125410352, 0.6841332323137947, 0.6983824109506411]
U_qn_list: [0.014380408670253609, 0.0045020379157513, 0.0023171975642439853, 0.0017810851213730995, 0.0012198803838360161, 0.0011972558290411957]
60:RANDOM的列表：
U_Eta_list_RANDOM: [0.5615852643155914, 0.6178230805149456, 0.6619459220296005, 0.6131687052240256, 0.6739538156084988, 0.5869381571350399]
U_qn_list: [0.01204527158767429, 0.003630792270178074, 0.0019395336439433845, 0.0012098184047831168, 0.0010324367870356843, 0.000634864377557004]
60:FIX最终的列表：
U_Eta_list_FIX: [0.5519508556387043, 0.6002551081113294, 0.6342673377468961, 0.631416939732588, 0.643431608207929, 0.655466673006798]
U_qn_list_FIX: [0.010909213855280975, 0.0032511095954177007, 0.0016362401432434245, 0.0012599707868298448, 0.0008564151413257726, 0.0008342843713122457]
