MNIST
[0.6871, 0.7721, 0.7721, 0.7868, 0.7868, 0.7868, 0.7868, 0.7868, 0.7868, 0.7868, 0.7868, 0.7868, 0.7868,
0.7868, 0.7868, 0.7929, 0.7946, 0.7956, 0.7956, 0.7987, 0.7998, 0.8013, 0.8013, 0.8013, 0.8013, 0.8102,
0.8102, 0.8102, 0.8102, 0.8102, 0.8102, 0.8102, 0.8102, 0.8102, 0.8102, 0.8102, 0.8102, 0.8102, 0.8102,
0.8102, 0.8102, 0.8102, 0.8102, 0.8102, 0.8102, 0.8102, 0.8102, 0.8102, 0.8102, 0.8102, 0.8102, 0.8102,
0.8102, 0.8102, 0.8102, 0.8102, 0.8102, 0.8102, 0.8102, 0.8102, 0.8102, 0.8102, 0.8102, 0.8102, 0.8102,
0.8102, 0.8102, 0.8102, 0.8102, 0.8102, 0.8102, 0.8102, 0.8102, 0.8102, 0.8102, 0.8102, 0.8102, 0.8102,
0.8102, 0.8102, 0.8102, 0.8102, 0.8102, 0.8102, 0.8102, 0.8102, 0.8102, 0.8102, 0.8102, 0.8102, 0.8102,
0.8102, 0.8102, 0.8102, 0.8102, 0.8102, 0.8102, 0.8102, 0.8102, 0.8102, 0.8102]

CIFAR10
[40.44, 43.16, 44.38, 45.01, 45.92, 45.92, 45.99, 46.43, 47.47, 48.09, 49.25, 49.38, 49.5, 50.06, 50.08, 50.56, 50.56, 50.67, 50.98, 50.98, 51.07, 51.17, 51.4, 51.4, 51.4, 51.4, 51.42, 51.44, 51.59, 51.71, 51.71, 52.02, 52.02, 52.06, 52.06, 52.06, 52.06, 52.06, 52.06, 52.06, 52.06, 52.06, 52.06, 52.06, 52.06, 52.06, 52.06, 52.08, 52.14, 52.14, 52.14, 52.14, 52.14, 52.14, 52.16, 52.17, 52.48, 52.5, 52.71, 52.81, 52.82, 53.16, 53.16, 53.16, 53.16, 53.16, 53.16, 53.16, 53.16, 53.16, 53.16, 53.16, 53.46, 53.58, 53.58, 53.58, 53.58, 53.58, 53.58, 53.58, 53.58, 53.58, 53.58, 53.58, 53.58, 53.58, 53.58, 53.58, 53.58, 53.58, 53.6, 53.6, 53.6, 53.6, 53.6, 53.6, 53.6, 53.6, 53.6, 53.6, 53.6]


CIFAR100
accuracy_list: [19.07, 19.11, 19.11, 19.11, 19.11, 19.11, 19.23, 19.23, 19.23, 19.23, 19.23, 19.23, 19.28, 19.29, 19.29, 19.29, 19.29, 19.29, 19.29, 19.29, 19.29, 19.29, 19.29, 19.29, 19.29, 19.29, 19.29, 19.29, 19.29, 19.29, 19.29, 19.29, 19.29, 19.29, 19.29, 19.29, 19.29, 19.29, 19.29, 19.29, 19.29, 19.29, 19.29, 19.29, 19.29, 19.29, 19.29, 19.29, 19.29, 19.29, 19.29, 19.29, 19.29, 19.29, 19.29, 19.29, 19.29, 19.29, 19.29, 19.29, 19.29, 19.29, 19.29, 19.29, 19.3, 19.3, 19.3, 19.3, 19.3, 19.3, 19.3, 19.3, 19.3, 19.3, 19.3, 19.3, 19.3, 19.39, 19.39, 19.39, 19.39, 19.39, 19.39, 19.39, 19.39, 19.39, 19.39, 19.39, 19.39, 19.39, 19.39, 19.39, 19.39, 19.39, 19.39, 19.39, 19.39, 19.39, 19.39, 19.39, 19.39]
