[
    [0.6595, 0.7784, 0.7924, 0.7924, 0.7924, 0.7924, 0.7924, 0.7924, 0.7924, 0.7924, 0.7924, 0.7924, 0.7924, 0.7924,
        0.7924, 0.7924, 0.7939, 0.7939, 0.7939, 0.7939, 0.7978, 0.7978, 0.7978, 0.7978, 0.7978, 0.7978, 0.7978, 0.7978,
        0.7978, 0.7978, 0.7978, 0.7978, 0.7978, 0.7978, 0.7978, 0.7978, 0.7978, 0.7978, 0.7978, 0.7978, 0.7978, 0.7978,
        0.7978, 0.7978, 0.7981, 0.7981, 0.7981, 0.7981, 0.7981, 0.7981, 0.7981, 0.7981, 0.7981, 0.7981, 0.7981, 0.7981,
        0.7981, 0.7981, 0.7981, 0.7981, 0.7981, 0.8027, 0.8027, 0.8027, 0.8027, 0.8027, 0.8027, 0.8027, 0.8027, 0.8027,
        0.8027, 0.8027],
    [0.6494, 0.7608, 0.7917, 0.7917, 0.7917, 0.7917, 0.7917, 0.7917, 0.7917, 0.7917, 0.7917, 0.7917, 0.7917, 0.7917,
        0.7917, 0.7917, 0.7917, 0.7917, 0.7917, 0.7917, 0.7949, 0.7949, 0.7949, 0.7949, 0.7949, 0.7949, 0.7949, 0.7949,
        0.7949, 0.7949, 0.7949, 0.7949, 0.7949, 0.7949, 0.7949, 0.7949, 0.7949, 0.7949, 0.7949, 0.7949, 0.7949, 0.7949,
        0.8058, 0.8058, 0.8058, 0.8058, 0.8058, 0.8058, 0.8058, 0.8058, 0.8058, 0.8058, 0.8058, 0.8058, 0.8058, 0.8058,
        0.8058, 0.8058, 0.8058, 0.8058, 0.8058, 0.8058, 0.8058, 0.8058, 0.8058, 0.8058, 0.8058, 0.8058, 0.8058, 0.8058,
        0.8058, 0.8058],
    [0.6602, 0.7626, 0.7626, 0.7728, 0.7743, 0.7783, 0.7783, 0.7783, 0.7783, 0.7783, 0.7783, 0.7783, 0.7783, 0.7783,
        0.7804, 0.7804, 0.7804, 0.7804, 0.7804, 0.7804, 0.7804, 0.7804, 0.7804, 0.7804, 0.7805, 0.7805, 0.784, 0.784,
        0.784, 0.784, 0.784, 0.7861, 0.7868, 0.7868, 0.789, 0.789, 0.789, 0.789, 0.789, 0.789, 0.789, 0.789, 0.789,
        0.789, 0.789, 0.789, 0.789, 0.789, 0.789, 0.789, 0.789, 0.789, 0.789, 0.789, 0.7919, 0.7919, 0.7919, 0.7919,
        0.7919, 0.7919, 0.7919, 0.7919, 0.7919, 0.7919, 0.7919, 0.7919, 0.7919, 0.7919, 0.7919, 0.7919, 0.7921,
        0.7921],
    [0.5918, 0.741, 0.7565, 0.7565, 0.7642, 0.7642, 0.7642, 0.7642, 0.7686, 0.7686, 0.7702, 0.7702, 0.7746, 0.7746,
        0.7754, 0.7754, 0.7754, 0.7754, 0.7754, 0.7754, 0.7754, 0.7754, 0.7754, 0.7754, 0.7754, 0.7754, 0.7754, 0.7754,
        0.7754, 0.7754, 0.7754, 0.7754, 0.7754, 0.7754, 0.7754, 0.7754, 0.7754, 0.7754, 0.7754, 0.7754, 0.7754, 0.7754,
        0.7754, 0.7754, 0.7754, 0.7754, 0.7754, 0.7754, 0.7754, 0.7754, 0.7754, 0.7754, 0.7754, 0.7754, 0.7838, 0.7838,
        0.7838, 0.7838, 0.7838, 0.7838, 0.7838, 0.7838, 0.7838, 0.7838, 0.7838, 0.7838, 0.7838, 0.7838, 0.7838, 0.7838,
        0.7838, 0.7838],
    [0.5845, 0.7167, 0.7399, 0.7552, 0.7575, 0.7644, 0.7684, 0.7698, 0.7714, 0.7714, 0.7714, 0.7714, 0.7859, 0.7859,
        0.7859, 0.7859, 0.7859, 0.7859, 0.7859, 0.7859, 0.7859, 0.7859, 0.7859, 0.7859, 0.7859, 0.7859, 0.7859, 0.7859,
        0.7859, 0.7859, 0.7859, 0.7859, 0.7859, 0.7859, 0.7859, 0.7859, 0.7859, 0.7859, 0.7859, 0.7859, 0.7859, 0.7859,
        0.7859, 0.7859, 0.7859, 0.7859, 0.7859, 0.7859, 0.7859, 0.7859, 0.7859, 0.7859, 0.7859, 0.7859, 0.7859, 0.7859,
        0.7859, 0.7859, 0.7859, 0.7859, 0.7859, 0.7859, 0.7859, 0.7859, 0.7859, 0.7859, 0.7859, 0.7859, 0.7859, 0.7859,
        0.7859, 0.7859],
    [0.5346, 0.6828, 0.7193, 0.7337, 0.7337, 0.7337, 0.7341, 0.7341, 0.735, 0.7444, 0.7529, 0.7529, 0.7548, 0.7548,
        0.7548, 0.7548, 0.7548, 0.7559, 0.7576, 0.7605, 0.7605, 0.7605, 0.7773, 0.7773, 0.7773, 0.7773, 0.7773, 0.7773,
        0.7773, 0.7773, 0.7773, 0.7773, 0.7773, 0.7773, 0.7773, 0.7773, 0.7773, 0.7773, 0.7773, 0.7773, 0.7773, 0.7773,
        0.7773, 0.7773, 0.7773, 0.7773, 0.7773, 0.7773, 0.7773, 0.7773, 0.7773, 0.7773, 0.7773, 0.7773, 0.7773, 0.7773,
        0.7773, 0.7773, 0.7773, 0.7773, 0.7773, 0.7773, 0.7773, 0.7773, 0.7773, 0.7773, 0.7773, 0.7773, 0.7773, 0.7773,
        0.7773, 0.7773],
    [0.537, 0.5981, 0.6916, 0.7258, 0.744, 0.744, 0.744, 0.744, 0.744, 0.744, 0.744, 0.744, 0.744, 0.7455, 0.7455,
        0.7546, 0.7632, 0.7632, 0.7632, 0.7632, 0.7632, 0.7632, 0.7632, 0.7632, 0.7641, 0.7642, 0.7667, 0.7667, 0.7667,
        0.7667, 0.7724, 0.7724, 0.7724, 0.7724, 0.7724, 0.7724, 0.7724, 0.7724, 0.7724, 0.7724, 0.7724, 0.7724, 0.7724,
        0.7724, 0.7724, 0.7724, 0.7726, 0.7726, 0.7726, 0.7726, 0.7726, 0.7726, 0.7726, 0.7726, 0.7726, 0.7726, 0.7726,
        0.7726, 0.7726, 0.7726, 0.7726, 0.7726, 0.7726, 0.7726, 0.7726, 0.7726, 0.7726, 0.7726, 0.7726, 0.7726, 0.7726,
        0.7726],
    [0.5487, 0.6769, 0.7277, 0.7277, 0.7327, 0.7397, 0.7462, 0.7462, 0.7462, 0.7598, 0.7598, 0.7598, 0.7598, 0.7598,
        0.7598, 0.7598, 0.7598, 0.7598, 0.7598, 0.7598, 0.7598, 0.7598, 0.7598, 0.7598, 0.7598, 0.7598, 0.7598, 0.7598,
        0.7598, 0.7598, 0.7598, 0.7598, 0.7682, 0.7682, 0.7682, 0.7682, 0.7682, 0.7682, 0.7682, 0.7682, 0.7682, 0.7682,
        0.7682, 0.7682, 0.7682, 0.7682, 0.7682, 0.7682, 0.7682, 0.7682, 0.7682, 0.7682, 0.7682, 0.7682, 0.7682, 0.7711,
        0.7711, 0.7711, 0.7711, 0.7711, 0.7711, 0.7711, 0.7711, 0.7711, 0.7711, 0.7711, 0.7711, 0.7711, 0.7711, 0.7711,
        0.7711, 0.7711],
    [0.5715, 0.6728, 0.7238, 0.7238, 0.7238, 0.7403, 0.7403, 0.7403, 0.7403, 0.7403, 0.7403, 0.7403, 0.7403, 0.7403,
        0.7403, 0.7403, 0.7517, 0.7517, 0.7517, 0.7517, 0.7517, 0.7517, 0.7517, 0.7517, 0.7517, 0.7517, 0.7517, 0.7517,
        0.7517, 0.7517, 0.7517, 0.7517, 0.7517, 0.7517, 0.7517, 0.7517, 0.7517, 0.7517, 0.7517, 0.7517, 0.7517, 0.7517,
        0.7517, 0.7517, 0.7517, 0.7517, 0.7517, 0.7517, 0.7517, 0.7517, 0.7517, 0.7517, 0.7517, 0.7517, 0.7517, 0.7517,
        0.7517, 0.7517, 0.7517, 0.7517, 0.7517, 0.7517, 0.7517, 0.7517, 0.7517, 0.7517, 0.7517, 0.7517, 0.7517, 0.7517,
        0.7517, 0.7517],
    [0.5449, 0.6357, 0.7058, 0.7058, 0.735, 0.735, 0.735, 0.735, 0.735, 0.7379, 0.7379, 0.7379, 0.7446, 0.7446,
        0.7446, 0.7446, 0.7446, 0.7446, 0.7446, 0.7446, 0.7446, 0.7446, 0.7446, 0.7446, 0.7446, 0.7446, 0.7446, 0.7446,
        0.7446, 0.7503, 0.7503, 0.7503, 0.7503, 0.7503, 0.7503, 0.7503, 0.7503, 0.7503, 0.7503, 0.7503, 0.7503, 0.7503,
        0.7503, 0.7503, 0.7503, 0.7503, 0.7503, 0.7503, 0.7503, 0.7503, 0.7503, 0.7503, 0.7503, 0.7503, 0.7503, 0.7503,
        0.7503, 0.7503, 0.7503, 0.7503, 0.7503, 0.7503, 0.7503, 0.7503, 0.7503, 0.7503, 0.7547, 0.7547, 0.7547, 0.7547,
        0.7547, 0.7547],
    [0.5482, 0.6275, 0.7014, 0.7126, 0.738, 0.738, 0.7466, 0.7466, 0.7466, 0.7485, 0.7485, 0.7485, 0.7485, 0.7485,
        0.7485, 0.7485, 0.7485, 0.7485, 0.7485, 0.7485, 0.7485, 0.7485, 0.7485, 0.7485, 0.7485, 0.7485, 0.7485, 0.7485,
        0.7492, 0.7492, 0.7492, 0.75, 0.75, 0.75, 0.75, 0.7507, 0.7507, 0.7507, 0.7507, 0.7507, 0.7507, 0.7538, 0.7538,
        0.7538, 0.7538, 0.7538, 0.7538, 0.7618, 0.7618, 0.7618, 0.7618, 0.7618, 0.7618, 0.7618, 0.7618, 0.7659, 0.7659,
        0.7659, 0.7659, 0.7659, 0.7659, 0.7659, 0.7659, 0.7659, 0.7659, 0.7659, 0.7659, 0.7659, 0.7659, 0.7659, 0.7659,
        0.7659],
    [0.5676, 0.7087, 0.7087, 0.7087, 0.7087, 0.7087, 0.7098, 0.7098, 0.7098, 0.7098, 0.7098, 0.7141, 0.718, 0.718,
        0.718, 0.718, 0.718, 0.7459, 0.7459, 0.7459, 0.7459, 0.7459, 0.7459, 0.7459, 0.7459, 0.7459, 0.7459, 0.7459,
        0.7459, 0.7459, 0.7459, 0.7459, 0.7459, 0.7459, 0.7459, 0.7459, 0.7459, 0.7459, 0.7459, 0.7459, 0.7459, 0.7459,
        0.7459, 0.7459, 0.7459, 0.7459, 0.7459, 0.7459, 0.7459, 0.7459, 0.7459, 0.7459, 0.7459, 0.7459, 0.7459, 0.7459,
        0.7459, 0.7459, 0.7459, 0.7459, 0.7459, 0.7459, 0.7459, 0.7459, 0.7459, 0.7459, 0.7459, 0.7459, 0.7459, 0.7459,
        0.7459, 0.7459],
    [0.5584, 0.6376, 0.7105, 0.7105, 0.7105, 0.7225, 0.7225, 0.735, 0.735, 0.735, 0.735, 0.735, 0.735, 0.735, 0.735,
        0.735, 0.735, 0.735, 0.735, 0.735, 0.735, 0.735, 0.735, 0.735, 0.735, 0.735, 0.7356, 0.7356, 0.7356, 0.7356,
        0.7356, 0.7356, 0.7356, 0.7356, 0.7356, 0.7356, 0.7356, 0.7356, 0.7356, 0.7356, 0.7356, 0.7356, 0.7356, 0.7356,
        0.7356, 0.7356, 0.7356, 0.7356, 0.7356, 0.7356, 0.7356, 0.7356, 0.7356, 0.7356, 0.7356, 0.7356, 0.7356, 0.7356,
        0.7356, 0.7356, 0.7356, 0.7356, 0.7356, 0.7356, 0.7356, 0.7356, 0.7356, 0.7356, 0.7356, 0.7356, 0.7356,
        0.7356],
    [0.5853, 0.6229, 0.681, 0.6992, 0.7173, 0.7173, 0.7222, 0.7222, 0.7222, 0.7222, 0.7342, 0.7342, 0.7342, 0.7342,
        0.7342, 0.7359, 0.7359, 0.7359, 0.7359, 0.7359, 0.7359, 0.7359, 0.7359, 0.7359, 0.7359, 0.7359, 0.7363, 0.7363,
        0.7363, 0.7363, 0.7371, 0.7371, 0.7371, 0.7371, 0.7371, 0.7371, 0.7371, 0.7371, 0.7371, 0.7371, 0.7371, 0.7371,
        0.7371, 0.7371, 0.7371, 0.7371, 0.7371, 0.7371, 0.7371, 0.7371, 0.7371, 0.7371, 0.7371, 0.7371, 0.7371, 0.7371,
        0.7371, 0.7371, 0.7375, 0.7375, 0.7415, 0.7415, 0.7415, 0.7415, 0.7415, 0.7415, 0.7415, 0.7415, 0.7415, 0.7415,
        0.7415, 0.7415],
    [0.5361, 0.6429, 0.6675, 0.6849, 0.6859, 0.6859, 0.6992, 0.7068, 0.7068, 0.7068, 0.7068, 0.7068, 0.7068, 0.7268,
        0.7268, 0.7268, 0.7268, 0.7268, 0.7268, 0.7268, 0.7268, 0.7268, 0.7268, 0.7268, 0.7268, 0.7268, 0.7268, 0.7268,
        0.7268, 0.7268, 0.7268, 0.7268, 0.7268, 0.7268, 0.7268, 0.7268, 0.7268, 0.7268, 0.7268, 0.7268, 0.7268, 0.7268,
        0.7268, 0.7268, 0.7268, 0.7268, 0.7268, 0.7268, 0.7268, 0.7268, 0.7268, 0.7268, 0.7268, 0.7268, 0.7268, 0.7268,
        0.7268, 0.7268, 0.7268, 0.7268, 0.7268, 0.7268, 0.7268, 0.7268, 0.7268, 0.7269, 0.7269, 0.7269, 0.7269, 0.7269,
        0.7269, 0.7269],
    [0.5441, 0.6747, 0.6925, 0.6925, 0.7099, 0.7099, 0.7099, 0.7099, 0.7099, 0.7099, 0.7099, 0.7099, 0.7265, 0.7265,
        0.7265, 0.7265, 0.7265, 0.7265, 0.7265, 0.7329, 0.7329, 0.7329, 0.7329, 0.7329, 0.7329, 0.7329, 0.7329, 0.7329,
        0.7329, 0.7329, 0.7329, 0.7329, 0.7329, 0.7329, 0.7329, 0.7329, 0.7329, 0.7329, 0.7329, 0.7329, 0.7329, 0.7329,
        0.7329, 0.7329, 0.7329, 0.7329, 0.7329, 0.7329, 0.7329, 0.7329, 0.7329, 0.7329, 0.7329, 0.7329, 0.7329, 0.7329,
        0.7329, 0.7329, 0.7329, 0.7329, 0.7329, 0.7329, 0.7329, 0.7329, 0.7329, 0.7329, 0.7329, 0.7329, 0.7329, 0.7329,
        0.7329, 0.7329],
    [0.5584, 0.6395, 0.6772, 0.6848, 0.6878, 0.6878, 0.705, 0.705, 0.705, 0.705, 0.705, 0.705, 0.705, 0.707, 0.707,
        0.707, 0.707, 0.707, 0.708, 0.708, 0.708, 0.708, 0.708, 0.708, 0.708, 0.708, 0.708, 0.708, 0.708, 0.708, 0.708,
        0.708, 0.708, 0.708, 0.708, 0.708, 0.708, 0.708, 0.7162, 0.7162, 0.7162, 0.7162, 0.7162, 0.7162, 0.7162,
        0.7162, 0.7162, 0.7162, 0.7162, 0.7162, 0.7162, 0.7162, 0.7162, 0.7162, 0.7185, 0.7185, 0.7185, 0.7265, 0.7265,
        0.7296, 0.7296, 0.7296, 0.7296, 0.7296, 0.7297, 0.7297, 0.7297, 0.7384, 0.7384, 0.7384, 0.7384, 0.7384],
    [0.5592, 0.6112, 0.6537, 0.66, 0.6613, 0.6633, 0.6633, 0.6788, 0.6788, 0.6788, 0.6788, 0.6859, 0.6859, 0.6859,
        0.6859, 0.6859, 0.6904, 0.6983, 0.6983, 0.6983, 0.6983, 0.6983, 0.6983, 0.6983, 0.6983, 0.6983, 0.701, 0.701,
        0.7036, 0.7036, 0.7061, 0.7061, 0.7061, 0.7061, 0.7061, 0.7061, 0.7061, 0.7061, 0.7061, 0.7061, 0.7061, 0.7061,
        0.7061, 0.7061, 0.7061, 0.7061, 0.7061, 0.7061, 0.7061, 0.7061, 0.7061, 0.7063, 0.7063, 0.7063, 0.7063, 0.7063,
        0.7063, 0.7063, 0.7063, 0.7063, 0.7063, 0.7063, 0.7063, 0.7063, 0.7063, 0.7063, 0.7063, 0.7063, 0.7063, 0.7063,
        0.7063, 0.7063],
    [0.4984, 0.6164, 0.6484, 0.6637, 0.6637, 0.6791, 0.6791, 0.6791, 0.6791, 0.6791, 0.6791, 0.6791, 0.6791, 0.6791,
        0.6791, 0.6791, 0.6791, 0.6791, 0.6879, 0.6879, 0.6879, 0.6879, 0.6879, 0.6879, 0.6879, 0.6879, 0.6879, 0.6879,
        0.6879, 0.6879, 0.6879, 0.6879, 0.6879, 0.6879, 0.6879, 0.6879, 0.6879, 0.6879, 0.6879, 0.6918, 0.6918, 0.6918,
        0.694, 0.694, 0.694, 0.694, 0.694, 0.694, 0.694, 0.694, 0.694, 0.694, 0.694, 0.694, 0.694, 0.694, 0.694, 0.694,
        0.694, 0.6969, 0.6969, 0.6969, 0.6969, 0.6969, 0.6969, 0.6969, 0.6969, 0.6969, 0.7045, 0.7045, 0.7045, 0.7045],
    [0.5054, 0.6198, 0.6432, 0.6797, 0.6831, 0.6831, 0.6831, 0.6831, 0.6905, 0.6905, 0.6905, 0.6905, 0.6905, 0.6905,
        0.6913, 0.6913, 0.6913, 0.6913, 0.6913, 0.6913, 0.6913, 0.6913, 0.6913, 0.6913, 0.6913, 0.6913, 0.6913, 0.6982,
        0.6982, 0.7131, 0.7131, 0.7131, 0.7131, 0.7131, 0.7131, 0.7131, 0.7131, 0.7131, 0.7131, 0.7131, 0.7131, 0.7131,
        0.7131, 0.7131, 0.7131, 0.7233, 0.7233, 0.7233, 0.7233, 0.7233, 0.7233, 0.7233, 0.7233, 0.7238, 0.7238, 0.7238,
        0.7238, 0.7238, 0.7238, 0.7238, 0.7238, 0.7238, 0.7238, 0.7238, 0.7238, 0.7238, 0.7238, 0.7238, 0.7238, 0.7238,
        0.7238, 0.7238]
]