MNIST
[0.5132, 0.6429, 0.7586, 0.7755, 0.7859, 0.7882, 0.7882, 0.7882, 0.7882, 0.7882, 0.7992, 0.7992,
0.7992, 0.7992, 0.7992, 0.7992, 0.7992, 0.7992, 0.7992, 0.7992, 0.7992, 0.7992, 0.7992, 0.7993,
0.7993, 0.7993, 0.8041, 0.8041, 0.8041, 0.8041, 0.8041, 0.8041, 0.8041, 0.8041, 0.8041, 0.8041,
0.8041, 0.8041, 0.8041, 0.8041, 0.8041, 0.8041, 0.8041, 0.8041, 0.8041, 0.8041, 0.8041, 0.8041,
0.8041, 0.8041, 0.8041, 0.8041, 0.8041, 0.8041, 0.8041, 0.8041, 0.8041, 0.8041, 0.8041, 0.8041,
0.8041, 0.8041, 0.8041, 0.8088, 0.8088, 0.8088, 0.8088, 0.81, 0.81, 0.81, 0.81, 0.81, 0.81, 0.81,
0.81, 0.81, 0.81, 0.81, 0.81, 0.81, 0.81, 0.81, 0.81, 0.81, 0.81, 0.81, 0.81, 0.81, 0.81, 0.81, 0.81,
0.81, 0.81, 0.81, 0.81, 0.81, 0.81, 0.81, 0.81, 0.81, 0.81]

CIFAR10
accuracy_list: [39.63, 43.07, 43.93, 44.83, 45.22, 45.64, 45.92, 45.92, 45.92, 45.92, 45.92, 45.92, 46.32, 46.51, 47.1, 47.31, 47.88, 47.91, 47.91, 48.3, 48.56, 48.6, 48.97, 48.97, 49.15, 49.25, 49.25, 49.25, 49.25, 49.25, 49.25, 49.25, 49.25, 49.25, 49.25, 49.25, 49.25, 49.25, 49.25, 49.25, 49.25, 49.25, 49.25, 49.25, 49.25, 49.25, 49.25, 49.25, 49.25, 49.25, 49.25, 49.25, 49.25, 49.25, 49.25, 49.25, 49.25, 49.25, 49.25, 49.25, 49.25, 49.25, 49.25, 49.25, 49.25, 49.25, 49.25, 49.25, 49.25, 49.25, 49.25, 49.25, 49.29, 49.29, 49.29, 49.29, 49.29, 49.29, 49.29, 49.36, 49.39, 49.52, 49.58, 49.82, 50.44, 50.63, 50.63, 50.78, 50.97, 51.05, 51.27, 51.27, 51.39, 51.39, 51.42, 51.42, 51.42, 51.42, 51.42, 51.8, 51.8]


CIFAR100
accuracy_list: [19.15, 19.16, 19.16, 19.23, 19.23, 19.23, 19.23, 19.23, 19.25, 19.25, 19.25, 19.25, 19.25, 19.25, 19.25, 19.25, 19.25, 19.25, 19.25, 19.25, 19.25, 19.25, 19.25, 19.25, 19.25, 19.25, 19.25, 19.25, 19.25, 19.25, 19.25, 19.25, 19.25, 19.25, 19.25, 19.25, 19.25, 19.25, 19.25, 19.25, 19.25, 19.25, 19.25, 19.25, 19.25, 19.25, 19.25, 19.25, 19.26, 19.26, 19.26, 19.26, 19.26, 19.26, 19.26, 19.26, 19.26, 19.26, 19.26, 19.26, 19.26, 19.26, 19.26, 19.26, 19.26, 19.26, 19.26, 19.26, 19.26, 19.26, 19.26, 19.26, 19.26, 19.26, 19.26, 19.26, 19.26, 19.26, 19.26, 19.26, 19.26, 19.26, 19.26, 19.26, 19.26, 19.26, 19.26, 19.26, 19.26, 19.26, 19.26, 19.26, 19.26, 19.26, 19.26, 19.26, 19.26, 19.26, 19.26, 19.26, 19.26]
